# R script for Peak Model
#  -- generated by MACS
p <- c(0.0331315918981,0.0386498523838,0.0441130404095,0.0498791269649,0.0552266628248,0.0557057932263,0.0557939091622,0.0554194164346,0.055033909215,0.0548301411133,0.0549017353112,0.0547365179314,0.0549017353112,0.0544005759258,0.0545382570756,0.0540646339201,0.0538223150964,0.0539269527703,0.0540921701501,0.0541031846421,0.0539269527703,0.0541252136261,0.0540921701501,0.054163764348,0.0543730396958,0.0545878222895,0.0548962280652,0.0551550686269,0.0549457932791,0.055050430953,0.0552597063008,0.055088981675,0.0546373875035,0.0549292715412,0.0549347787871,0.0546649237335,0.0544226049097,0.054180286086,0.05420231507,0.0541141991341,0.0540701411661,0.054191300578,0.0549898512471,0.0546043440275,0.0541417353641,0.0544391266477,0.0546484019955,0.0546759382254,0.0550118802311,0.0549017353112,0.0552707207928,0.0554799961405,0.0551550686269,0.0552762280388,0.0551715903649,0.0552101410868,0.0553863729586,0.0555295613545,0.0557553584402,0.0559811555259,0.0558324598841,0.0556176772904,0.0555350686005,0.0556892714883,0.0561243439218,0.0560802859538,0.0559866627719,0.055937097558,0.0555681120764,0.0553753584666,0.0551385468889,0.0553808657126,0.0549623150171,0.0546428947495,0.0549127498032,0.0549182570492,0.0544611556317,0.0542298513,0.0541362281181,0.0541141991341,0.0543455034658,0.0539655034923,0.0544666628777,0.0548797063272,0.0546263730115,0.0547365179314,0.055055938199,0.0551936193488,0.0553037642687,0.0556231845364,0.0553478222367,0.0553973874506,0.0550008657391,0.0548907208192,0.055055938199,0.0549402860331,0.055094488921,0.0552927497767,0.0556176772904,0.0554469526646,0.0555350686005,0.0558049236542,0.0561023149378,0.0563391265155,0.0560252134939,0.0560527497239,0.055931590312,0.0560252134939,0.0559866627719,0.0561518801518,0.0561353584138,0.0555350686005,0.0554304309266,0.0552266628248,0.0555240541085,0.0556507207663,0.0556341990283,0.0552156483328,0.0552266628248,0.0552211555788,0.0554028946966,0.0556286917824,0.0560472424779,0.0560692714618,0.0557498511942,0.0557828946702,0.0557443439482,0.0561353584138,0.055931590312,0.0556782569963,0.0557388367022,0.0563997062215,0.0562069526117,0.0565759380933,0.0570275322648,0.0570275322648,0.0575011554202,0.0574460829603,0.0576278220781,0.0579252133617,0.0579692713297,0.0574791264362,0.0575727496181,0.0575066626662,0.0575341988962,0.0574405757143,0.0572313003665,0.0571486916766,0.0571321699386,0.0567631844571,0.0569284018369,0.0573359380404,0.0568623148849,0.0566640540292,0.0564382569434,0.0565208656333,0.0565979670772,0.0567466627191,0.056840285901,0.0571982568906,0.0572423148585,0.0570826047247,0.0575011554202,0.0578756481478,0.0584098510092,0.0583713002872,0.0582556481213,0.0584704307151,0.0584263727472,0.0583272423193,0.0579527495917,0.0579802858217,0.0580684017576,0.0577379669979,0.0575011554202,0.0575011554202,0.0577765177199,0.0578756481478,0.0580078220516,0.0584263727472,0.0587402857688,0.0586852133089,0.0592194161702,0.0592249234162,0.0593240538441,0.0595443436839,0.0594837639779,0.0597756480156,0.0597646335236,0.0597095610637,0.0595498509299,0.0595884016518,0.0591973871863,0.0592965176142,0.0591147784964,0.0593515900741,0.0591973871863,0.0590652132824,0.0591368074803,0.0592249234162,0.0594947784699,0.0596599958497,0.0594782567319,0.0596655030957,0.0599739088714,0.0599573871334,0.060320865369,0.0604805755028,0.060348401599,0.0604034740589,0.0608330392464,0.0609266624283,0.061191010236,0.0614718797817,0.0615489812256,0.0619675319211,0.0617527493273,0.06115796676,0.0612901406639,0.0614773870277,0.0609707203962,0.0614718797817,0.0614443435517,0.0613672421078,0.0609652131502,0.0608220247544,0.0611084015461,0.0613452131238,0.0621107203169,0.062011589889,0.0625512999964,0.0623420246487,0.0625678217344,0.0624081116006,0.0629918796759,0.0624852130445,0.0623860826166,0.0626504304243,0.0623970971086,0.0623915898626,0.0622869521887,0.0624907202905,0.0626724594083,0.0631350680718,0.0634434738474,0.0635921694892,0.0639997056928,0.0640437636607,0.0641318795966,0.0648698505598,0.0645944882601,0.064655067966,0.064699125934,0.0649139085277,0.0645339085542,0.0649359375117,0.0645118795702,0.0646165172441,0.0645614447841,0.0641539085806,0.0644788360942,0.0648257925918,0.064633038982,0.0642750679925,0.0643741984203,0.0644292708803,0.0649855027256,0.0651286911215,0.0648533288218,0.0652278215494,0.0653765171912,0.0651066621375,0.0659657925125,0.0662852127802,0.0667478214436,0.0670562272193,0.0672434735831,0.0677776764445,0.0684165169797,0.0683504300278,0.0687028937714,0.0689397053491,0.0689341981031,0.0691710096809,0.0693031835847,0.0694684009645,0.069892458906,0.0698098502161,0.0702504298956,0.0705808646552,0.0709443428908,0.0714455022763,0.0713959370623,0.0715831834261,0.07163274864,0.0718805747098,0.0720898500575,0.0726405746569,0.0729765166625,0.0729544876785,0.0733014441761,0.0735547774918,0.0744359368508,0.0757907193653,0.0768260816121,0.0777182554631,0.0785994148221,0.0796623132989,0.0800368060264,0.0813420233269,0.0822782551459,0.083027240601,0.0835504289704,0.0835008637565,0.0838312985161,0.0841176753078,0.0842223129816,0.0841231825537,0.084800573811,0.0846904288911,0.084778544827,0.0851640520466,0.0854944868062,0.0857588346139,0.0859791244536,0.0864472403631,0.0867886896147,0.0868768055506,0.0871962258182,0.0875597040538,0.0877194141876,0.0877744866476,0.0878570953375,0.0881159358992,0.0883857909529,0.0884463706588,0.0888098488944,0.0892118778519,0.0893110082798,0.0897791241893,0.0901866603928,0.0904014429866,0.0908365154201,0.0911063704738,0.0913872400194,0.0916460805811,0.091794776223,0.0922133269185,0.0921582544586,0.0925382544321,0.0931550659834,0.0936452108769,0.0941298485243,0.0947521673216,0.0955727469746,0.0959968049162,0.0963217324298,0.0969110077511,0.0977756453721,0.0981336163617,0.0984530366294,0.098750427913,0.0991139061486,0.0996976742239,0.0995875293041,0.09967564524,0.0995489785821,0.0991579641165,0.0995104278601,0.0994608626462,0.0995489785821,0.0997802829138,0.100132746657,0.100600862567,0.100793616177,0.101823471177,0.102539413157,0.10338752904,0.10322231166,0.103673905831,0.103580282649,0.104136514495,0.103921731901,0.103607818879,0.104064920297,0.104064920297,0.104097963773,0.104808398506,0.105480282517,0.106102601315,0.10701680415,0.107308688187,0.107804340327,0.108178833054,0.10854231129,0.108481731584,0.109004919953,0.108949847493,0.109401441665,0.109781441638,0.1100402822,0.11034318073,0.111081151693,0.111262890811,0.111819122656,0.112793905197,0.11331158632,0.11377970223,0.11399999207,0.114033035546,0.114490136963,0.114671876081,0.114088108005,0.115156513728,0.115481441242,0.115888977445,0.116626948409,0.117006948382,0.117794484559,0.118664629426,0.118956513464,0.119336513437,0.120305788732,0.120823469856,0.121170426353,0.121528397343,0.121225498813,0.121897382825,0.122332455258,0.122894194349,0.123522020393,0.124838252185,0.126005788336,0.126303179619,0.127178831732,0.127949846172,0.12932665767,0.129948976467,0.130075643125,0.130708976414,0.130951295238,0.131011874944,0.131661729971,0.132509845854,0.132878831336,0.132851295106,0.133418541443,0.133936222567,0.135076222487,0.134641150054,0.135147816685,0.135962889092,0.136205207916,0.136579700644,0.137163468719,0.138270425164,0.138353033854,0.138936801929,0.139575642464,0.141205787278,0.142555062547,0.143271004526,0.144014482735,0.144576221827,0.145820859421,0.146465207202,0.147825496963,0.148211004182,0.148469844744,0.149967815654,0.150771873569,0.151515351779,0.15221477202,0.152748974881,0.153200569053,0.153982597984,0.154158829856,0.155172163118,0.156978539804,0.156670134029,0.157501728174,0.158046945527,0.159297090368,0.16058578593,0.161378829353,0.162034191627,0.163614771227,0.164341727698,0.164402307404,0.165437669651,0.166037959464,0.167414770962,0.168284915829,0.168929263611,0.170206944681,0.171594770672,0.17277882856,0.174403466128,0.176105205141,0.177399407949,0.178379697736,0.179811581694,0.180593610625,0.181992451108,0.182741436563,0.183617088676,0.184613900201,0.185858537795,